0 0.0000
1 0.9963
2 1.4197
3 1.7475
4 2.0276
5 2.2791
6 2.5083
7 2.7215
8 2.9189
9 3.1067
10 3.2881
15 4.0903
20 4.7842
25 5.4113
30 5.9906
35 6.5317
40 7.0474
45 7.5344
50 8.0055
55 8.4607
60 8.8999
65 9.3265
70 9.7403
75 10.1445
80 10.5424
85 10.9308
90 11.3096
95 11.6852
100 12.0512
125 13.8115
150 15.4667
175 17.0455
200 18.5638
225 20.0312
250 21.4605
275 22.8546
300 24.2202
325 25.5603
350 26.8749
375 28.1736
400 29.4532
425 30.7169
450 31.9647
475 33.1997
500 34.4252
525 35.6412
550 36.8444
575 38.0412
600 39.2253
625 40.4063
650 41.5776
675 42.7427
700 43.9013
725 45.0536
750 46.1995
775 47.3422
800 48.4754
825 49.6086
850 50.7354
875 51.8559
900 52.9731
925 54.0872
