0 0.0000
1 1.0950
2 1.5597
3 1.9226
4 2.2314
5 2.5083
6 2.7629
7 2.9985
8 3.2181
9 3.4282
10 3.6255
15 4.5168
20 5.2871
25 5.9842
30 6.6304
35 7.2320
40 7.8050
45 8.3525
50 8.8777
55 9.3838
60 9.8740
65 10.3514
70 10.8162
75 11.2682
80 11.7106
85 12.1435
90 12.5701
95 12.9902
100 13.4008
125 15.3712
150 17.2237
175 18.9936
200 20.6933
225 22.3358
250 23.9369
275 25.4966
300 27.0245
325 28.5206
350 29.9912
375 31.4427
400 32.8719
425 34.2820
450 35.6762
475 37.0576
500 38.4232
525 39.7760
550 41.1161
575 42.4434
600 43.7612
625 45.0727
650 46.3714
675 47.6605
700 48.9465
725 50.2198
750 51.4866
775 52.7503
800 54.0045
825 55.2522
850 56.4936
875 57.7319
900 58.9637
925 60.1892
950 61.4115
975 62.6275
1000 63.8402
1025 65.0466
1050 66.2530
1075 67.4530
1100 68.6467
1125 69.8404
1150 71.0277
1175 72.2150
1200 73.3959
1225 74.5736
1250 75.7482
