0 0.0000
1 1.6552
2 2.3841
3 2.9635
4 3.4664
5 3.9184
6 4.3354
7 4.7269
8 5.0961
9 5.4495
10 5.7869
15 7.3243
20 8.6962
25 9.9599
30 11.1472
35 12.2804
40 13.3690
45 14.4194
50 15.4444
55 16.4439
60 17.4211
65 18.3792
70 19.3214
75 20.2509
80 21.1676
85 22.0716
90 22.9661
95 23.8510
100 24.7263
125 28.9980
150 33.1361
175 37.1786
200 41.1511
225 45.0663
250 48.9370
275 52.7694
300 56.5732
325 60.3547
350 64.1108
375 67.8509
400 71.5752
425 75.2867
450 78.9854
475 82.6746
500 86.3543
525 90.0244
550 93.6881
575 97.3455
600 100.9965
625 104.6412
650 108.2827
675 111.9209
700 115.5560
725 119.1880
750 122.8167
775 126.4454
800 130.0710
825 133.6965
850 137.3157
875 140.9349
900 144.5541
925 148.1733
950 151.7893
975 155.4021
1000 159.0181
1025 162.6277
1050 166.2405
1075 169.8502
1100 173.4566
1125 177.0662
1150 180.6695
1175 184.2760
1200 187.8824
1225 191.4825
1250 195.0826
1275 198.6763
1300 202.2573
1325 205.8192
1350 209.3492
1375 212.8443
1400 216.3011
1425 219.7134
1450 223.0779
1475 226.3915
1500 229.6542
1525 232.8691
1550 236.0300
1575 239.1335
1600 242.1956
1625 245.2005
1650 248.1576
1675 251.0542
1700 253.9190
1725 256.7201
1750 259.4894
1775 262.2269
1800 264.9007
