0 0.0000
1 0.3979
2 0.5602
3 0.6844
4 0.7894
5 0.8849
6 0.9677
7 1.0472
8 1.1205
9 1.1873
10 1.2541
15 1.5406
20 1.7857
25 2.0054
30 2.2027
35 2.3873
40 2.5592
45 2.7215
50 2.8775
55 3.0239
60 3.1672
65 3.3041
70 3.4377
75 3.5651
80 3.6892
85 3.8102
90 3.9311
95 4.0457
100 4.1603
125 4.6919
150 5.1821
175 5.6405
200 6.0734
225 6.4840
250 6.8787
275 7.2575
300 7.6235
325 7.9800
350 8.3238
375 8.6612
400 8.9891
425 9.3106
450 9.6257
475 9.9345
500 10.2368
525 10.5329
550 10.8257
575 11.1122
600 11.3987
625 11.6788
650 11.9525
675 12.2263
700 12.4968
725 12.7610
750 13.0252
775 13.2863
800 13.5441
825 13.7987
850 14.0534
875 14.3048
900 14.5531
925 14.7982
950 15.0433
975 15.2852
1000 15.5272
1025 15.7659
1050 16.0014
1075 16.2370
1100 16.4725
1125 16.7049
1150 16.9341
1175 17.1633
1200 17.3925
1225 17.6185
1250 17.8445
1275 18.0705
1300 18.2933
1325 18.5129
1350 18.7357
1375 18.9522
1400 19.1718
1425 19.3883
1450 19.6047
1475 19.8212
1500 20.0344
1525 20.2477
1550 20.4610
1575 20.6742
1600 20.8843
1625 21.0944
1650 21.3013
1675 21.5114
1700 21.7183
1725 21.9252
1750 22.1289
1775 22.3358
1800 22.5395
1825 22.7432
1850 22.9470
1875 23.1475
1900 23.3512
1925 23.5517
1950 23.7523
1975 23.9496
2000 24.1502
2025 24.3475
2050 24.5449
2075 24.7422
2100 24.9396
2125 25.1369
2150 25.3311
2175 25.5253
2200 25.7194
2225 25.9136
2250 26.1078
2275 26.3019
2300 26.4929
2325 26.6839
2350 26.8781
2375 27.0691
2400 27.2569
2425 27.4479
2450 27.6388
2475 27.8267
2500 28.0176
2525 28.2054
2550 28.3932
2575 28.5810
2600 28.7657
2625 28.9535
2650 29.1413
2675 29.3259
2700 29.5105
2725 29.6983
2750 29.8829
2775 30.0676
2800 30.2490
2825 30.4336
2850 30.6182
2875 30.7997
2900 30.9843
2925 31.1657
2950 31.3472
2975 31.5286
3000 31.7100
3025 31.8915
3050 32.0729
3075 32.2512
3100 32.4326
3125 32.6140
3150 32.7923
3175 32.9705
3200 33.1488
3225 33.3302
3250 33.5085
3275 33.6867
3300 33.8618
3325 34.0401
3350 34.2183
3375 34.3966
3400 34.5716
3425 34.7467
3450 34.9250
3475 35.1000
3500 35.2751
3525 35.4502
3550 35.6252
3575 35.8003
3600 35.9754
3625 36.1505
3650 36.3255
3675 36.5006
3700 36.6725
3725 36.8476
3750 37.0194
3775 37.1945
3800 37.3664
3825 37.5383
3850 37.7102
3875 37.8821
3900 38.0539
3925 38.2258
3950 38.3977
3975 38.5696
4000 38.7415
4025 38.9134
4050 39.0821
4075 39.2540
4100 39.4227
4125 39.5946
4150 39.7633
4175 39.9352
4200 40.1039
4225 40.2726
4250 40.4413
4275 40.6132
4300 40.7819
4325 40.9506
4350 41.1193
4375 41.2848
4400 41.4535
4425 41.6222
4450 41.7909
4475 41.9596
4500 42.1251
4525 42.2938
4550 42.4594
4575 42.6281
4600 42.7936
4625 42.9591
4650 43.1278
4675 43.2933
4700 43.4588
4725 43.6244
4750 43.7931
4775 43.9586
4800 44.1241
4825 44.2896
4850 44.4552
4875 44.6175
4900 44.7830
4925 44.9485
4950 45.1141
4975 45.2796
5000 45.4419
5025 45.6074
5050 45.7698
5075 45.9353
5100 46.0976
5125 46.2632
5150 46.4255
5175 46.5910
5200 46.7534
5225 46.9157
5250 47.0780
5275 47.2436
5300 47.4059
5325 47.5682
5350 47.7306
5375 47.8929
5400 48.0552
5425 48.2176
5450 48.3799
5475 48.5423
5500 48.7046
5525 48.8638
5550 49.0261
5575 49.1884
5600 49.3476
5625 49.5099
5650 49.6723
5675 49.8314
5700 49.9938
5725 50.1529
5750 50.3152
5775 50.4744
5800 50.6367
5825 50.7959
5850 50.9550
5875 51.1174
5900 51.2765
5925 51.4357
5950 51.5948
5975 51.7540
6000 51.9163
6025 52.0755
6050 52.2347
6075 52.3938
6100 52.5530
6125 52.7121
6150 52.8713
6175 53.0272
6200 53.1864
6225 53.3456
6250 53.5047
6275 53.6639
6300 53.8198
6325 53.9790
6350 54.1381
6375 54.2941
6400 54.4533
6425 54.6124
6450 54.7684
6475 54.9276
6500 55.0835
6525 55.2427
6550 55.3987
6575 55.5578
6600 55.7138
6625 55.8698
6650 56.0289
6675 56.1849
6700 56.3408
6725 56.5000
6750 56.6560
6775 56.8119
6800 56.9679
6825 57.1239
6850 57.2799
6875 57.4358
6900 57.5950
6925 57.7510
6950 57.9069
6975 58.0629
7000 58.2157
7025 58.3717
7050 58.5276
7075 58.6836
7100 58.8396
7125 58.9956
7150 59.1515
7175 59.3043
7200 59.4603
