0 0.0000
1 0.2769
2 0.3788
3 0.4552
4 0.5220
5 0.5825
6 0.6334
7 0.6844
8 0.7289
9 0.7735
10 0.8117
15 0.9931
20 1.1459
25 1.2796
30 1.4006
35 1.5152
40 1.6202
45 1.7189
50 1.8112
55 1.9035
60 1.9894
65 2.0722
70 2.1518
75 2.2282
80 2.3014
85 2.3746
90 2.4446
95 2.5146
100 2.5815
125 2.8966
150 3.1799
175 3.4473
200 3.6956
225 3.9311
250 4.1539
275 4.3672
300 4.5741
325 4.7715
350 4.9656
375 5.1503
400 5.3317
425 5.5068
450 5.6786
475 5.8474
500 6.0129
525 6.1720
550 6.3312
575 6.4840
600 6.6368
625 6.7864
650 6.9328
675 7.0792
700 7.2193
725 7.3593
750 7.4994
775 7.6363
800 7.7699
825 7.9036
850 8.0341
875 8.1646
900 8.2920
925 8.4193
950 8.5466
975 8.6708
1000 8.7917
1025 8.9159
1050 9.0368
1075 9.1546
1100 9.2724
1125 9.3901
1150 9.5079
1175 9.6225
1200 9.7371
1225 9.8517
1250 9.9631
1275 10.0777
1300 10.1859
1325 10.2973
1350 10.4056
1375 10.5170
1400 10.6252
1425 10.7302
1450 10.8385
1475 10.9435
1500 11.0485
1525 11.1536
1550 11.2586
1575 11.3605
1600 11.4623
1625 11.5674
1650 11.6692
1675 11.7679
1700 11.8698
1725 11.9685
1750 12.0703
1775 12.1690
1800 12.2677
1825 12.3632
1850 12.4618
1875 12.5573
1900 12.6560
1925 12.7515
1950 12.8470
1975 12.9425
2000 13.0380
2025 13.1303
2050 13.2258
2075 13.3181
2100 13.4104
2125 13.5059
2150 13.5982
2175 13.6905
2200 13.7796
2225 13.8719
2250 13.9643
2275 14.0534
2300 14.1425
2325 14.2348
2350 14.3239
2375 14.4131
2400 14.5022
2425 14.5913
2450 14.6773
2475 14.7664
2500 14.8523
2525 14.9415
2550 15.0274
2575 15.1165
2600 15.2025
2625 15.2884
2650 15.3744
2675 15.4603
2700 15.5463
2725 15.6290
2750 15.7150
2775 15.8009
2800 15.8837
2825 15.9696
2850 16.0524
2875 16.1351
2900 16.2179
2925 16.3006
2950 16.3866
2975 16.4694
3000 16.5489
3025 16.6317
3050 16.7145
3075 16.7972
3100 16.8768
3125 16.9596
3150 17.0391
3175 17.1219
3200 17.2015
3225 17.2842
3250 17.3638
3275 17.4434
3300 17.5230
3325 17.6025
3350 17.6821
3375 17.7617
3400 17.8413
3425 17.9208
3450 17.9972
3475 18.0768
3500 18.1564
3525 18.2328
3550 18.3124
3575 18.3888
3600 18.4683
3650 18.6211
3700 18.7771
3750 18.9299
3800 19.0827
3850 19.2355
3900 19.3883
3950 19.5379
4000 19.6906
4050 19.8403
4100 19.9899
4150 20.1363
4200 20.2859
4250 20.4323
4300 20.5819
4350 20.7283
4400 20.8748
4450 21.0212
4500 21.1644
4550 21.3108
4600 21.4541
4650 21.5973
4700 21.7406
4750 21.8838
4800 22.0270
4850 22.1671
4900 22.3103
4950 22.4504
5000 22.5905
5050 22.7305
5100 22.8706
5150 23.0106
5200 23.1507
5250 23.2876
5300 23.4276
5350 23.5645
5400 23.7045
5450 23.8414
5500 23.9783
5550 24.1120
5600 24.2488
5650 24.3857
5700 24.5194
5750 24.6563
5800 24.7900
5850 24.9237
5900 25.0605
5950 25.1942
6000 25.3279
6050 25.4584
6100 25.5921
6150 25.7258
6200 25.8563
6250 25.9900
6300 26.1205
6350 26.2542
6400 26.3847
6450 26.5152
6500 26.6457
6550 26.7762
6600 26.9067
6650 27.0341
6700 27.1646
6750 27.2951
6800 27.4224
6850 27.5529
6900 27.6802
6950 27.8076
7000 27.9349
7050 28.0622
7100 28.1895
7150 28.3168
7200 28.4442
7250 28.5715
7300 28.6988
7350 28.8261
7400 28.9503
7450 29.0776
7500 29.2017
7550 29.3291
7600 29.4532
7650 29.5774
7700 29.7015
7750 29.8256
7800 29.9498
7850 30.0739
7900 30.1981
7950 30.3222
8000 30.4463
8050 30.5705
8100 30.6914
8150 30.8156
8200 30.9397
8250 31.0607
8300 31.1816
8350 31.3058
8400 31.4267
8450 31.5477
8500 31.6718
8550 31.7928
8600 31.9137
8650 32.0347
8700 32.1557
8750 32.2766
8800 32.3944
8850 32.5154
8900 32.6363
8950 32.7573
9000 32.8750
9050 32.9960
9100 33.1138
9150 33.2347
9200 33.3525
9250 33.4735
9300 33.5912
9350 33.7090
9400 33.8300
9450 33.9477
9500 34.0655
9550 34.1833
9600 34.3011
9650 34.4188
9700 34.5366
9750 34.6544
9800 34.7722
9850 34.8899
9900 35.0045
9950 35.1223
10000 35.2401
10050 35.3547
10100 35.4725
10150 35.5870
10200 35.7048
10250 35.8194
10300 35.9372
10350 36.0518
10400 36.1664
10450 36.2841
10500 36.3987
10550 36.5133
10600 36.6279
10650 36.7425
10700 36.8603
10750 36.9749
10800 37.0895
10850 37.2041
10900 37.3155
10950 37.4301
11000 37.5447
11050 37.6592
11100 37.7738
11150 37.8852
11200 37.9998
11250 38.1144
11300 38.2258
11350 38.3404
11400 38.4550
11450 38.5664
11500 38.6810
11550 38.7924
11600 38.9038
11650 39.0184
11700 39.1298
11750 39.2412
11800 39.3558
11850 39.4672
11900 39.5787
11950 39.6901
12000 39.8015
12050 39.9129
12100 40.0243
12150 40.1357
12200 40.2471
12250 40.3585
12300 40.4699
12350 40.5813
12400 40.6927
12450 40.8041
12500 40.9156
12550 41.0238
12600 41.1352
12650 41.2466
12700 41.3580
12750 41.4662
12800 41.5776
12850 41.6859
12900 41.7973
12950 41.9055
13000 42.0169
13050 42.1251
13100 42.2365
13150 42.3448
13200 42.4562
13250 42.5644
13300 42.6726
13350 42.7840
13400 42.8923
13450 43.0005
13500 43.1087
13550 43.2169
13600 43.3252
13650 43.4366
13700 43.5448
13750 43.6530
13800 43.7612
13850 43.8695
13900 43.9777
13950 44.0859
14000 44.1941
14050 44.3024
14100 44.4074
14150 44.5156
14200 44.6239
14250 44.7321
14300 44.8403
14350 44.9454
14400 45.0536
14450 45.1618
14500 45.2668
14550 45.3751
14600 45.4833
14650 45.5883
14700 45.6966
14750 45.8016
14800 45.9098
14850 46.0149
14900 46.1231
14950 46.2281
15000 46.3364
15050 46.4414
15100 46.5496
15150 46.6547
15200 46.7597
15250 46.8679
15300 46.9730
15350 47.0780
15400 47.1831
15450 47.2913
15500 47.3963
15550 47.5014
15600 47.6064
15650 47.7115
15700 47.8165
15750 47.9216
15800 48.0266
15850 48.1316
15900 48.2367
15950 48.3417
16000 48.4468
16050 48.5518
16100 48.6568
16150 48.7619
16200 48.8669
16250 48.9720
16300 49.0770
16350 49.1821
16400 49.2839
16450 49.3890
16500 49.4940
16550 49.5990
16600 49.7009
16650 49.8059
16700 49.9110
16750 50.0128
16800 50.1179
16850 50.2229
16900 50.3248
16950 50.4298
17000 50.5317
17050 50.6367
17100 50.7386
17150 50.8436
17200 50.9455
17250 51.0505
17300 51.1524
17350 51.2574
17400 51.3593
17450 51.4643
17500 51.5662
17550 51.6681
17600 51.7731
17650 51.8750
17700 51.9768
17750 52.0787
17800 52.1837
17850 52.2856
17900 52.3874
17950 52.4893
