0 0.0000
1 0.2865
2 0.4138
3 0.5411
4 0.6048
5 0.7003
6 0.7639
7 0.8276
8 0.8913
9 0.9549
10 0.9868
15 1.2414
20 1.4642
25 1.6552
30 1.8462
35 2.0054
40 2.1645
45 2.3237
50 2.4828
55 2.6101
60 2.7375
65 2.8966
70 3.0239
75 3.1513
80 3.2786
85 3.4059
90 3.5014
95 3.6287
100 3.7561
125 4.2972
150 4.8383
175 5.3476
200 5.8251
225 6.3025
250 6.7800
275 7.2256
300 7.6713
325 8.0851
350 8.5307
375 8.9445
400 9.3583
425 9.7721
450 10.1859
475 10.5997
500 10.9817
525 11.3955
550 11.7775
575 12.1913
600 12.5732
625 12.9552
650 13.3372
675 13.7192
700 14.1011
725 14.4831
750 14.8651
775 15.2470
800 15.6290
825 15.9792
850 16.3611
875 16.7431
900 17.0932
925 17.4752
950 17.8254
975 18.2073
1000 18.5575
1025 18.9394
1050 19.2896
1075 19.6716
1100 20.0217
1125 20.3718
1150 20.7538
1175 21.1039
1200 21.4541
1225 21.8042
1250 22.1862
1275 22.5363
1300 22.8865
1325 23.2366
1350 23.5868
1375 23.9369
1400 24.3189
1425 24.6690
1450 25.0192
1475 25.3693
1500 25.7194
1525 26.0696
1550 26.4197
1575 26.7699
1600 27.1200
1625 27.4701
1650 27.8203
1675 28.1704
1700 28.4887
1725 28.8389
1750 29.1890
1775 29.5392
1800 29.8893
1825 30.2394
1850 30.5896
1875 30.9397
1900 31.2580
1925 31.6082
1950 31.9583
1975 32.3085
2000 32.6586
2025 32.9769
2050 33.3270
2075 33.6772
2100 34.0273
2125 34.3456
2150 34.6958
2175 35.0459
2200 35.3961
2225 35.7144
2250 36.0645
2275 36.4147
2300 36.7330
2325 37.0831
2350 37.4332
2375 37.7516
2400 38.1017
2425 38.4518
2450 38.7701
2475 39.1203
2500 39.4704
2525 39.7887
2550 40.1389
2575 40.4572
2600 40.8073
2625 41.1575
2650 41.4758
2675 41.8259
2700 42.1442
2725 42.4944
2750 42.8445
2775 43.1628
2800 43.5130
2825 43.8313
2850 44.1814
2875 44.4997
2900 44.8499
2925 45.1682
2950 45.5183
2975 45.8366
3000 46.1868
3025 46.5369
3050 46.8552
3075 47.2054
3100 47.5237
3125 47.8738
3150 48.1921
3175 48.5423
3200 48.8606
3225 49.2107
3250 49.5290
3275 49.8792
3300 50.1975
3325 50.5158
3350 50.8659
3375 51.1842
3400 51.5344
3425 51.8527
3450 52.2028
3475 52.5211
3500 52.8713
3525 53.1896
3550 53.5397
3575 53.8580
3600 54.1763
3625 54.5265
3650 54.8448
3675 55.1949
3700 55.5132
3725 55.8634
3750 56.1817
3775 56.5000
3800 56.8501
3825 57.1685
3850 57.5186
3875 57.8369
3900 58.1552
3925 58.5054
3950 58.8237
3975 59.1738
4000 59.4921
4025 59.8104
4050 60.1606
4075 60.4789
4100 60.8290
4125 61.1473
4150 61.4656
4175 61.8158
4200 62.1341
4225 62.4524
4250 62.8025
4275 63.1209
4300 63.4392
4325 63.7893
4350 64.1076
4375 64.4259
4400 64.7761
4425 65.0944
4450 65.4127
4475 65.7628
4500 66.0811
4525 66.3994
4550 66.7496
4575 67.0679
4600 67.3862
4625 67.7363
4650 68.0547
4675 68.3730
4700 68.7231
4725 69.0414
4750 69.3597
4775 69.7099
4800 70.0282
4825 70.3465
4850 70.6648
4875 71.0149
4900 71.3332
4925 71.6516
4950 71.9699
4975 72.3200
5000 72.6383
5025 72.9566
5050 73.2749
5075 73.6251
5100 73.9434
5125 74.2617
5150 74.5800
5175 74.8983
5200 75.2485
5225 75.5668
5250 75.8851
5275 76.2034
5300 76.5217
5325 76.8400
5350 77.1901
5375 77.5085
5400 77.8268
5425 78.1451
5450 78.4634
5475 78.7817
5500 79.1000
5525 79.4183
5550 79.7685
5575 80.0868
5600 80.4051
5625 80.7234
5650 81.0417
5675 81.3600
5700 81.6783
5725 81.9966
5750 82.3149
5775 82.6332
5800 82.9516
5825 83.2699
5850 83.5882
5875 83.9065
5900 84.2248
5925 84.5431
5950 84.8614
5975 85.1479
6000 85.4662
6025 85.7845
6050 86.1028
6075 86.4211
6100 86.7394
6125 87.0578
6150 87.3761
6175 87.6625
6200 87.9809
6225 88.2992
6250 88.6175
6275 88.9358
6300 89.2223
6325 89.5406
6350 89.8589
6375 90.1454
6400 90.4637
6425 90.7820
6450 91.1003
6475 91.3868
6500 91.7051
6525 92.0234
6550 92.3099
6575 92.6282
6600 92.9147
6625 93.2330
6650 93.5513
6675 93.8378
6700 94.1561
6725 94.4425
6750 94.7609
6775 95.0473
6800 95.3656
6825 95.6521
6850 95.9704
6875 96.2569
6900 96.5434
6925 96.8617
6950 97.1482
6975 97.4665
7000 97.7530
7025 98.0394
7050 98.3578
7075 98.6442
7100 98.9307
7125 99.2490
7150 99.5355
7175 99.8220
7200 100.1403
