0 0.0000
1 0.3215
2 0.4393
3 0.5284
4 0.6048
5 0.6716
6 0.7321
7 0.7894
8 0.8403
9 0.8913
10 0.9390
15 1.1427
20 1.3178
25 1.4738
30 1.6170
35 1.7475
40 1.8685
45 1.9831
50 2.0913
55 2.1963
60 2.2982
65 2.3937
70 2.4860
75 2.5751
80 2.6643
85 2.7470
90 2.8298
95 2.9094
100 2.9889
125 3.3582
150 3.6956
175 4.0107
200 4.3035
225 4.5837
250 4.8510
275 5.1057
300 5.3508
325 5.5895
350 5.8219
375 6.0447
400 6.2612
425 6.4744
450 6.6845
475 6.8882
500 7.0856
525 7.2829
550 7.4771
575 7.6649
600 7.8527
625 8.0341
650 8.2156
675 8.3938
700 8.5689
725 8.7408
750 8.9127
775 9.0814
800 9.2501
825 9.4156
850 9.5779
875 9.7403
900 9.8994
925 10.0586
950 10.2146
975 10.3705
1000 10.5233
1025 10.6761
1050 10.8289
1075 10.9785
1100 11.1281
1125 11.2745
1150 11.4210
1175 11.5674
1200 11.7138
1225 11.8570
1250 12.0003
1275 12.1403
1300 12.2804
1325 12.4205
1350 12.5605
1375 12.7006
1400 12.8374
1425 12.9775
1450 13.1144
1475 13.2544
1500 13.3913
1525 13.5282
1550 13.6650
1575 13.8019
1600 13.9388
1625 14.0757
1650 14.2125
1675 14.3462
1700 14.4831
1725 14.6168
1750 14.7505
1775 14.8874
1800 15.0210
1825 15.1547
1850 15.2884
1875 15.4221
1900 15.5526
1925 15.6863
1950 15.8200
1975 15.9505
2000 16.0842
2025 16.2147
2050 16.3484
2075 16.4789
2100 16.6094
2125 16.7399
2150 16.8704
2175 17.0041
2200 17.1346
2225 17.2619
2250 17.3925
2275 17.5230
2300 17.6535
2325 17.7840
2350 17.9113
2375 18.0418
2400 18.1723
2425 18.2996
2450 18.4301
2475 18.5575
2500 18.6880
2525 18.8153
2550 18.9426
2575 19.0699
2600 19.2005
2625 19.3278
2650 19.4551
2675 19.5824
2700 19.7097
2725 19.8371
2750 19.9644
2775 20.0917
2800 20.2190
2825 20.3464
2850 20.4737
2875 20.6010
2900 20.7252
2925 20.8525
2950 20.9798
2975 21.1071
3000 21.2313
3025 21.3586
3050 21.4827
3075 21.6101
3100 21.7342
3125 21.8615
3150 21.9857
3175 22.1130
3200 22.2371
3225 22.3613
3250 22.4886
3275 22.6127
3300 22.7369
3325 22.8610
3350 22.9852
3375 23.1125
3400 23.2366
3425 23.3608
3450 23.4849
3475 23.6090
3500 23.7332
3525 23.8573
3550 23.9815
3575 24.1056
3600 24.2297
3625 24.3539
3650 24.4780
3675 24.6022
3700 24.7263
3725 24.8505
3750 24.9714
3775 25.0956
3800 25.2197
3825 25.3438
3850 25.4680
3875 25.5889
3900 25.7131
3925 25.8372
3950 25.9582
3975 26.0823
4000 26.2033
4025 26.3274
4050 26.4516
4075 26.5725
4100 26.6967
4125 26.8176
4150 26.9417
4175 27.0627
4200 27.1837
4225 27.3078
4250 27.4288
4275 27.5529
4300 27.6739
4325 27.7948
4350 27.9190
4375 28.0399
4400 28.1609
4425 28.2818
4450 28.4060
4475 28.5269
4500 28.6479
4525 28.7688
4550 28.8930
4575 29.0139
4600 29.1349
4625 29.2559
4650 29.3768
4675 29.4978
4700 29.6187
4725 29.7397
4750 29.8607
4775 29.9816
4800 30.1026
4825 30.2235
4850 30.3445
4875 30.4654
4900 30.5864
4925 30.7074
4950 30.8283
4975 30.9493
5000 31.0702
5025 31.1912
5050 31.3121
5075 31.4331
5100 31.5541
5125 31.6750
5150 31.7928
5175 31.9137
5200 32.0347
5225 32.1557
5250 32.2766
5275 32.3944
5300 32.5154
5325 32.6363
5350 32.7573
5375 32.8750
5400 32.9960
5425 33.1170
5450 33.2379
5475 33.3557
5500 33.4767
5525 33.5976
5550 33.7154
5575 33.8363
5600 33.9541
5625 34.0751
5650 34.1960
5675 34.3138
5700 34.4348
5725 34.5525
5750 34.6735
5775 34.7913
5800 34.9122
5825 35.0300
5850 35.1510
5875 35.2687
5900 35.3897
5925 35.5075
5950 35.6284
5975 35.7462
6000 35.8672
6025 35.9849
6050 36.1059
6075 36.2237
6100 36.3414
6125 36.4624
6150 36.5802
6175 36.6979
6200 36.8189
6225 36.9367
6250 37.0545
6275 37.1754
6300 37.2932
6325 37.4110
6350 37.5319
6375 37.6497
6400 37.7675
6425 37.8852
6450 38.0062
6475 38.1240
6500 38.2417
6525 38.3595
6550 38.4805
6575 38.5983
6600 38.7160
6625 38.8338
6650 38.9516
6675 39.0694
6700 39.1903
6725 39.3081
6750 39.4259
6775 39.5436
6800 39.6614
6825 39.7792
6850 39.8970
6875 40.0147
6900 40.1325
6925 40.2503
6950 40.3712
6975 40.4890
7000 40.6068
7025 40.7246
7050 40.8423
7075 40.9601
7100 41.0779
7125 41.1957
7150 41.3134
7175 41.4312
7200 41.5490
7225 41.6668
7250 41.7845
7275 41.9023
7300 42.0201
7325 42.1379
7350 42.2525
7375 42.3702
7400 42.4880
7425 42.6058
7450 42.7236
7475 42.8413
7500 42.9591
7525 43.0769
7550 43.1947
7575 43.3092
7600 43.4270
7625 43.5448
7650 43.6626
7675 43.7803
7700 43.8981
7725 44.0127
7750 44.1305
7775 44.2483
7800 44.3660
7825 44.4838
7850 44.5984
7875 44.7162
7900 44.8339
7925 44.9517
7950 45.0663
7975 45.1841
8000 45.3019
8025 45.4196
8050 45.5342
8075 45.6520
8100 45.7698
8125 45.8876
8150 46.0021
8175 46.1199
8200 46.2377
8225 46.3523
8250 46.4701
8275 46.5878
8300 46.7024
8325 46.8202
8350 46.9380
8375 47.0526
8400 47.1703
8425 47.2881
8450 47.4027
8475 47.5205
8500 47.6351
8525 47.7528
8550 47.8706
8575 47.9852
8600 48.1030
8625 48.2176
8650 48.3354
8675 48.4531
8700 48.5677
8725 48.6855
8750 48.8001
8775 48.9179
8800 49.0325
8825 49.1502
8850 49.2648
8875 49.3826
8900 49.4972
8925 49.6150
8950 49.7327
8975 49.8473
9000 49.9651
9025 50.0797
9050 50.1975
9075 50.3121
9100 50.4298
9125 50.5444
9150 50.6622
9175 50.7800
9200 50.8946
9225 51.0123
9250 51.1269
9275 51.2447
9300 51.3593
9325 51.4771
9350 51.5917
9375 51.7094
9400 51.8240
9425 51.9418
9450 52.0564
9475 52.1742
9500 52.2888
9525 52.4034
9550 52.5211
9575 52.6357
9600 52.7535
9625 52.8681
9650 52.9859
9675 53.1005
9700 53.2182
9725 53.3328
9750 53.4474
9775 53.5652
9800 53.6798
9825 53.7976
9850 53.9121
9875 54.0299
9900 54.1445
9925 54.2591
9950 54.3769
9975 54.4915
10000 54.6092
10025 54.7238
10050 54.8384
10075 54.9562
10100 55.0708
10125 55.1854
10150 55.3032
10175 55.4178
10200 55.5323
10225 55.6501
10250 55.7647
10275 55.8825
10300 55.9971
10325 56.1117
10350 56.2294
10375 56.3440
10400 56.4586
10425 56.5764
10450 56.6910
10475 56.8056
10500 56.9202
10525 57.0379
10550 57.1525
10575 57.2671
10600 57.3849
10625 57.4995
10650 57.6141
10675 57.7319
10700 57.8465
10725 57.9610
10750 58.0756
10775 58.1934
10800 58.3080
10825 58.4226
10850 58.5372
10875 58.6550
10900 58.7696
10925 58.8841
10950 58.9987
10975 59.1165
11000 59.2311
11025 59.3457
11050 59.4603
11075 59.5781
11100 59.6927
11125 59.8072
11150 59.9218
11175 60.0364
11200 60.1542
11225 60.2688
11250 60.3834
11275 60.4980
11300 60.6126
11325 60.7303
11350 60.8449
11375 60.9595
11400 61.0741
11425 61.1887
11450 61.3065
11475 61.4211
11500 61.5357
11525 61.6503
11550 61.7649
11575 61.8794
11600 61.9972
11625 62.1118
11650 62.2264
11675 62.3410
11700 62.4556
11725 62.5702
11750 62.6879
11775 62.8025
11800 62.9171
11825 63.0317
11850 63.1463
11875 63.2609
11900 63.3755
