0 0.0000
1 0.2515
2 0.3470
3 0.4170
4 0.4806
5 0.5348
6 0.5825
7 0.6303
8 0.6716
9 0.7130
10 0.7512
15 0.9199
20 1.0632
25 1.1905
30 1.3083
35 1.4165
40 1.5152
45 1.6138
50 1.7030
55 1.7889
60 1.8748
65 1.9544
70 2.0340
75 2.1072
80 2.1804
85 2.2536
90 2.3237
95 2.3905
100 2.4574
125 2.7725
150 3.0621
175 3.3359
200 3.5937
225 3.8388
250 4.0744
275 4.3004
300 4.5232
325 4.7428
350 4.9593
375 5.1757
400 5.3890
425 5.6023
450 5.8092
475 6.0320
500 6.2230
525 6.4458
550 6.6686
575 6.8596
600 7.0824
625 7.3052
650 7.4962
675 7.7190
700 7.9100
725 8.1328
750 8.3556
775 8.5466
800 8.7694
825 8.9604
850 9.1832
875 9.3742
900 9.5970
925 9.7880
950 10.0108
975 10.2018
1000 10.4246
1025 10.6156
1050 10.8385
1075 11.0294
1100 11.2523
1125 11.4432
1150 11.6661
1175 11.8570
1200 12.0799
1225 12.2708
1250 12.4937
1275 12.6846
1300 12.9075
1325 13.0985
1350 13.2894
1375 13.5123
1400 13.7032
1425 13.9261
1450 14.1170
1475 14.3399
1500 14.5308
1525 14.7218
1550 14.9446
1575 15.1356
1600 15.3585
1625 15.5494
1650 15.7404
1675 15.9632
1700 16.1542
1725 16.3770
1750 16.5680
1775 16.7590
1800 16.9818
1825 17.1728
1850 17.3638
1875 17.5866
1900 17.7776
1925 18.0004
1950 18.1914
1975 18.3824
2000 18.6052
2025 18.7962
2050 18.9872
2075 19.2100
2100 19.4010
2125 19.5920
2150 19.8148
2175 20.0058
2200 20.1968
2225 20.4196
2250 20.6106
2275 20.8334
2300 21.0244
2325 21.2154
2350 21.4382
2375 21.6292
2400 21.8201
2425 22.0430
2450 22.2339
2475 22.4249
2500 22.6477
2525 22.8387
2550 23.0297
2575 23.2525
2600 23.4435
2625 23.6345
2650 23.8573
2675 24.0483
2700 24.2393
2725 24.4621
2750 24.6531
2775 24.8441
2800 25.0669
2825 25.2579
2850 25.4489
2875 25.6717
2900 25.8627
2925 26.0537
2950 26.2765
2975 26.4675
3000 26.6585
3025 26.8494
3050 27.0723
3075 27.2632
3100 27.4542
3125 27.6770
3150 27.8680
3175 28.0590
3200 28.2818
3225 28.4728
3250 28.6638
3275 28.8866
3300 29.0776
3325 29.2686
3350 29.4596
3375 29.6824
3400 29.8734
3425 30.0644
3450 30.2872
3475 30.4782
3500 30.6692
3525 30.8920
3550 31.0830
3575 31.2739
3600 31.4649
3625 31.6877
3650 31.8787
3675 32.0697
3700 32.2925
3725 32.4835
3750 32.6745
3775 32.8655
3800 33.0883
3825 33.2793
3850 33.4703
3875 33.6931
3900 33.8841
3925 34.0751
3950 34.2979
3975 34.4889
4000 34.6799
4025 34.8708
4050 35.0937
4075 35.2847
4100 35.4756
4125 35.6666
4150 35.8894
4175 36.0804
4200 36.2714
4225 36.4942
4250 36.6852
4275 36.8762
4300 37.0672
4325 37.2900
4350 37.4810
4375 37.6720
4400 37.8948
4425 38.0858
4450 38.2768
4475 38.4677
4500 38.6906
4525 38.8816
4550 39.0725
4575 39.2635
4600 39.4863
4625 39.6773
4650 39.8683
4675 40.0911
4700 40.2821
4725 40.4731
4750 40.6641
4775 40.8869
4800 41.0779
4825 41.2689
4850 41.4599
4875 41.6827
4900 41.8737
4925 42.0647
4950 42.2556
4975 42.4785
5000 42.6694
5025 42.8604
5050 43.0514
5075 43.2742
5100 43.4652
5125 43.6562
5150 43.8472
5175 44.0700
5200 44.2610
5225 44.4520
5250 44.6430
5275 44.8658
5300 45.0568
5325 45.2478
5350 45.4387
5375 45.6297
5400 45.8525
5425 46.0435
5450 46.2345
5475 46.4255
5500 46.6483
5525 46.8393
5550 47.0303
5575 47.2213
5600 47.4123
5625 47.6032
5650 47.8261
5675 48.0170
5700 48.2080
5725 48.3990
5750 48.5900
5775 48.7810
5800 49.0038
5825 49.1948
5850 49.3858
5875 49.5768
5900 49.7678
5925 49.9587
5950 50.1497
5975 50.3407
6000 50.5317
6025 50.7545
6050 50.9455
6075 51.1365
6100 51.3275
6125 51.5185
6150 51.7094
6175 51.9004
6200 52.0914
6225 52.2824
6250 52.4734
6275 52.6644
6300 52.8554
6325 53.0463
6350 53.2373
6375 53.4283
6400 53.6193
6425 53.8103
6450 54.0013
6475 54.1923
6500 54.3832
6525 54.5742
6550 54.7652
6575 54.9562
6600 55.1472
6625 55.3382
6650 55.5292
6675 55.7201
6700 55.9111
6725 56.1021
6750 56.2931
6775 56.4841
6800 56.6751
6825 56.8661
6850 57.0570
6875 57.2480
6900 57.4390
6925 57.6300
6950 57.8210
6975 58.0120
7000 58.2030
7025 58.3621
7050 58.5531
7075 58.7441
7100 58.9351
7125 59.1261
7150 59.3170
7175 59.5080
7200 59.6990
7225 59.8900
7250 60.0492
7275 60.2401
7300 60.4311
7325 60.6221
7350 60.8131
7375 61.0041
7400 61.1951
7425 61.3861
7450 61.5770
7475 61.7362
7500 61.9272
7525 62.1182
7550 62.3092
7575 62.5001
7600 62.6911
7625 62.8503
7650 63.0413
7675 63.2323
7700 63.4232
7725 63.6142
7750 63.8052
7775 63.9644
7800 64.1554
7825 64.3463
7850 64.5373
7875 64.7283
7900 64.8875
7925 65.0785
7950 65.2694
7975 65.4604
8000 65.6514
8025 65.8424
8050 66.0016
8075 66.1925
8100 66.3835
8125 66.5745
8150 66.7655
8175 66.9247
8200 67.1156
8225 67.3066
8250 67.4976
8275 67.6886
8300 67.8478
8325 68.0387
8350 68.2297
8375 68.4207
8400 68.5799
8425 68.7709
8450 68.9618
8475 69.1528
8500 69.3438
8525 69.5030
8550 69.6939
8575 69.8849
8600 70.0759
8625 70.2351
8650 70.4261
8675 70.6170
8700 70.8080
8725 70.9672
8750 71.1582
8775 71.3492
8800 71.5401
8825 71.6993
8850 71.8903
8875 72.0813
8900 72.2723
8925 72.4314
8950 72.6224
8975 72.8134
9000 73.0044
9025 73.1635
9050 73.3545
9075 73.5455
9100 73.7365
9125 73.8956
9150 74.0866
9175 74.2776
9200 74.4368
9225 74.6278
9250 74.8187
9275 74.9779
9300 75.1689
9325 75.3599
9350 75.5509
9375 75.7100
9400 75.9010
9425 76.0920
9450 76.2511
9475 76.4421
9500 76.6331
9525 76.7923
9550 76.9832
9575 77.1742
9600 77.3334
9625 77.5244
9650 77.7154
9675 77.9063
9700 78.0655
9725 78.2565
9750 78.4475
9775 78.6066
9800 78.7976
9825 78.9886
9850 79.1478
9875 79.3387
9900 79.5297
9925 79.6889
9950 79.8799
9975 80.0709
10000 80.2300
10025 80.4210
10050 80.6120
10075 80.7711
10100 80.9621
10125 81.1531
10150 81.3123
10175 81.5032
10200 81.6942
10225 81.8534
10250 82.0444
10275 82.2035
10300 82.3945
10325 82.5855
10350 82.7447
10375 82.9356
10400 83.1266
10425 83.2858
10450 83.4768
10475 83.6678
10500 83.8269
10525 84.0179
10550 84.2089
10575 84.3680
10600 84.5590
10625 84.7182
10650 84.9092
10675 85.1001
10700 85.2593
10725 85.4503
10750 85.6094
10775 85.8004
10800 85.9914
10825 86.1506
10850 86.3416
10875 86.5325
10900 86.6917
10925 86.8827
10950 87.0418
10975 87.2328
11000 87.4238
11025 87.5830
11050 87.7740
11075 87.9331
11100 88.1241
11125 88.3151
11150 88.4742
11175 88.6652
11200 88.8244
11225 89.0154
11250 89.2063
11275 89.3655
11300 89.5565
11325 89.7156
11350 89.9066
11375 90.0658
11400 90.2568
11425 90.4478
11450 90.6069
11475 90.7979
11500 90.9570
11525 91.1480
11550 91.3390
11575 91.4982
11600 91.6892
11625 91.8483
11650 92.0393
11675 92.1985
11700 92.3894
11725 92.5486
11750 92.7396
11775 92.9306
11800 93.0897
11825 93.2807
11850 93.4399
11875 93.6309
11900 93.7900
