0 0.0000
1 0.7639
2 1.0918
3 1.3496
4 1.5693
5 1.7666
6 1.9481
7 2.1199
8 2.2791
9 2.4287
10 2.5751
15 3.2308
20 3.8070
25 4.3386
30 4.8319
35 5.3030
40 5.7550
45 6.1911
50 6.6145
55 7.0315
60 7.4357
65 7.8336
70 8.2283
75 8.6198
80 9.0050
85 9.3901
90 9.7753
95 10.1573
100 10.5392
125 12.4268
150 14.2921
175 16.1479
200 17.9909
225 19.8275
250 21.6610
275 23.4849
300 25.3088
325 27.1296
350 28.9439
375 30.7583
400 32.5695
425 34.3807
450 36.1887
475 37.9967
500 39.7983
525 41.5999
550 43.3952
575 45.1936
600 46.9921
625 48.7905
650 50.5890
675 52.3874
700 54.1827
725 55.9812
750 57.7796
775 59.5717
800 61.3670
825 63.1622
850 64.9575
875 66.7496
900 68.5449
925 70.3401
950 72.1322
