0 0.0000
1 0.8276
2 1.1809
3 1.4579
4 1.6998
5 1.9130
6 2.1104
7 2.2950
8 2.4701
9 2.6356
10 2.7916
15 3.5078
20 4.1412
25 4.7237
30 5.2712
35 5.7932
40 6.2930
45 6.7800
50 7.2543
55 7.7190
60 8.1806
65 8.6357
70 9.0877
75 9.5366
80 9.9854
85 10.4342
90 10.8798
95 11.3223
100 11.7679
125 13.9706
150 16.1574
175 18.3315
200 20.4992
225 22.6573
250 24.8123
275 26.9640
300 29.1126
325 31.2580
350 33.3971
375 35.5329
400 37.6656
425 39.7983
450 41.9278
475 44.0541
500 46.1836
525 48.3067
550 50.4298
575 52.5530
600 54.6761
625 56.8024
650 58.9223
675 61.0455
700 63.1654
725 65.2854
750 67.4085
775 69.5284
800 71.6516
825 73.7715
850 75.8914
875 78.0114
900 80.1313
925 82.2545
950 84.3744
975 86.4943
1000 88.6143
1025 90.7342
1050 92.8542
1075 94.9773
1100 97.0972
1125 99.2172
1150 101.3371
1175 103.4571
1200 105.5770
1225 107.7001
1250 109.8201
1275 111.9400
1300 114.0600
1325 116.1799
1350 118.2999
1375 120.4166
1400 122.5334
1425 124.6533
1450 126.7701
1475 128.8869
1500 131.0036
1525 133.1204
1550 135.2371
1575 137.3507
1600 139.4643
1625 141.5620
1650 143.6469
1675 145.7064
1700 147.7435
1725 149.7584
1750 151.7511
1775 153.7182
1800 155.6631
1825 157.5857
1850 159.4892
1875 161.3672
1900 163.2293
1925 165.0660
1950 166.8835
1975 168.6820
2000 170.4581
2025 172.2216
2050 173.9627
2075 175.6880
2100 177.3973
2125 179.0875
